0.00 300.00
0.05 -112465441444804890000000000000000000000000.00
0.10 -584963171781621460000000000000000000000000.00
0.15 3441070747813874300000000000000000000000000.00
0.20 -24175329380118213000000000000000000000000000.00
0.25 -118043398622562970000000000000000000000000000.00
0.30 6605142546412526500000000000000000000000000000.00
0.35 17480257948240759000000000000000000000000000000.00
0.40 -413954034276892490000000000000000000000000000000.00
0.45 -20731735182954734000000000000000000000000000000000.00
0.50 -339188811551076190000000000000000000000000000000.00
0.55 50972963449771319000000000000000000000000000000.00
0.60 6473147661443540100000000000000000000000000000.00
0.65 -634201241913337620000000000000000000000000000.00
0.70 -103957871070617120000000000000000000000000000.00
0.75 1516098433755788500000000000000000000000000.00
0.80 -834842217021740420000000000000000000000000.00
0.85 -34538297399598201000000000000000000000000.00
0.90 52682494478715640000000000000000000000000.00
0.95 1283024603989564100000000000000000000000.00
1.00 300.00
