0.00 300.00 0.00
0.05 -5294764360251204600.00 -5294764360251204600.00
0.10 1491631761024064000.00 1491631761024063700.00
0.15 10033788372516325000.00 10033788372516325000.00
0.20 1023030591241901800.00 1023030591241901600.00
0.25 658170608835454210.00 658170608835454080.00
0.30 -7712742664336252900.00 -7712742664336252900.00
0.35 -9262523814917046300.00 -9262523814917046300.00
0.40 17632834091535786000.00 17632834091535786000.00
0.45 15520108951089998000.00 15520108951089998000.00
0.50 -23606647441454502000.00 -23606647441454502000.00
0.55 -14834712172935125000.00 -14834712172935125000.00
0.60 17632834091535802000.00 17632834091535802000.00
0.65 9947920593071906800.00 9947920593071906800.00
0.70 -7712742664336272400.00 -7712742664336272400.00
0.75 27226169319426944.00 27226169319426756.00
0.80 1023030591241913600.00 1023030591241913300.00
0.85 -9348391594361462800.00 -9348391594361462800.00
0.90 1491631761024057600.00 1491631761024057300.00
0.95 5980161138406074400.00 5980161138406074400.00
1.00 300.00 -0.00
