0.00 300.00 0.00
0.05 -15780880.02 -15781140.54
0.10 -111706470.84 -111706694.26
0.15 -2866970.32 -2867160.97
0.20 182816842.87 182816679.40
0.25 118536748.62 118536606.32
0.30 -106260238.61 -106260365.42
0.35 -215206206.77 -215206323.03
0.40 -82773936.43 -82774046.07
0.45 4183324.98 4183218.89
0.50 149013015.93 149012910.96
0.55 190858898.22 190858792.14
0.60 -82773936.43 -82774046.07
0.65 410248429.97 410248313.71
0.70 -106260238.61 -106260365.42
0.75 76505474.58 76505332.28
0.80 182816842.87 182816679.40
0.85 197909193.51 197909002.86
0.90 -111706470.84 -111706694.26
0.95 210823103.22 210822842.70
1.00 300.00 -0.00
