0.00 300.00
0.05 1793148276599076400.00
0.10 -2638735441083122700.00
0.15 -3831762088105493500.00
0.20 995335568224436610.00
0.25 691755086821954820.00
0.30 3792822994761897000.00
0.35 200917392578278400.00
0.40 -9261213970747369500.00
0.45 -482665528134985220.00
0.50 12262781712129673000.00
0.55 153246806166511620.00
0.60 -9261213970747373600.00
0.65 -530336114546741250.00
0.70 3792822994761901100.00
0.75 -1021173808790433300.00
0.80 995335568224434940.00
0.85 3502343366137027600.00
0.90 -2638735441083121200.00
0.95 -2122566998567547400.00
1.00 300.00
