0.00 300.00
0.05 808908064390.08
0.10 -2143088297136270.00
0.15 2098632412788660.70
0.20 1425743151748954.50
0.25 -1163774533598603.20
0.30 -1371086188931485.20
0.35 -1758593184606750.50
0.40 1513504791999955.00
0.45 5273904523842256.00
0.50 -2541931508110589.00
0.55 -4823083405570566.00
0.60 1513504791999957.70
0.65 2209414302878439.50
0.70 -1371086188931489.00
0.75 1614595651870293.00
0.80 1425743151748957.20
0.85 -1647811294516972.50
0.90 -2143088297136271.50
0.95 450012210207300.12
1.00 300.00
