0.00 300.00 0.00
0.05 -92692673349.39 -92692673617.06
0.10 -301489357193.32 -301489357429.98
0.15 86905771005.65 86905770797.49
0.20 676222361011.10 676222360828.04
0.25 79909734996.36 79909734834.43
0.30 -870972850373.88 -870972850518.86
0.35 -57260255432.10 -57260255564.31
0.40 -284812779532.09 -284812779655.44
0.45 1145402525052.71 1145402524934.52
0.50 421346722383.69 421346722267.19
0.55 -848874021917.82 -848874022036.01
0.60 -284812779532.09 -284812779655.44
0.65 353788758566.99 353788758434.79
0.70 -870972850373.88 -870972850518.86
0.75 216618768138.53 216618767976.60
0.80 676222361011.10 676222360828.04
0.85 209622732129.23 209622731921.07
0.90 -301489357193.32 -301489357429.98
0.95 389221176484.28 389221176216.61
1.00 300.00 -0.00
